-4.6383,-3.7711,-7.6046
-2.3191,-3.8972,-7.4546
0.0000,-4.0232,-7.4046
2.3191,-4.1493,-7.4546
4.6383,-4.2754,-7.6046
-3.9442,-14.3419,-9.2715
-1.9721,-14.3671,-9.1215
0.0000,-14.3923,-9.0715
1.9721,-14.4176,-9.1215
3.9442,-14.4428,-9.2715
-4.4648,-6.4138,-7.8713
-4.2912,-9.0565,-8.2380
-4.1177,-11.6992,-8.7047
4.4648,-6.8172,-7.8713
4.2912,-9.3591,-8.2380
4.1177,-11.9009,-8.7047
-5.0359,-15.9392,-3.1093
-6.1275,-17.5366,2.9530
-7.2192,-19.1339,8.9152
-8.3109,-20.7312,14.7774
5.0359,-16.0149,-3.1093
6.1275,-17.5870,2.9530
7.2192,-19.1591,8.9152
8.3109,-20.7312,14.7774
-9.2516,10.9744,30.0155
-4.6258,10.4911,30.1655
0.0000,10.0079,30.2155
4.6258,9.5246,30.1655
9.2516,9.0414,30.0155
-12.4754,8.4119,21.4450
-10.5161,5.3661,14.3326
-8.5568,2.3204,7.1202
-6.5976,-0.7253,-0.1922
12.4754,5.9914,21.4450
10.5161,3.4247,14.3326
8.5568,0.8580,7.1202
6.5976,-1.7087,-0.1922
-13.8106,5.5431,28.0145
-12.6708,6.9010,28.6647
-11.5311,8.2588,29.2150
-10.3913,9.6166,29.6653
-10.0575,10.3338,28.0229
-10.8635,9.6931,25.9303
-11.6694,9.0525,23.7376
-12.8092,7.6947,23.2373
-13.1430,6.9775,24.9297
-13.4768,6.2603,26.5221
13.8106,3.2235,28.0145
13.4768,3.9155,26.5221
13.1430,4.6075,24.9297
12.8092,5.2995,23.2373
11.6694,6.7539,23.7376
10.8635,7.5164,25.9303
10.0575,8.2789,28.0229
10.3913,7.5869,29.6653
11.5311,6.1325,29.2150
12.6708,4.6780,28.6647
-14.9069,11.5342,24.3723
-17.3383,14.6565,27.1997
-19.7697,17.7788,29.9271
-22.2012,20.9011,32.5544
-16.6591,9.3826,30.6077
-19.5076,13.2221,33.1008
-22.3561,17.0616,35.4940
-25.2046,20.9011,37.7872
-11.9316,13.4561,32.1085
-14.6117,15.9378,34.1014
-17.2917,18.4194,35.9943
-19.9718,20.9011,37.7872
16.6591,6.4117,30.6077
19.5076,9.5999,33.1008
22.3561,12.7880,35.4940
25.2046,15.9762,37.7872
14.9069,8.4876,24.3723
17.3383,10.9838,27.1997
19.7697,13.4800,29.9271
22.2012,15.9762,32.5544
11.9316,10.7751,32.1085
14.6117,12.5088,34.1014
17.2917,14.2425,35.9943
19.9718,15.9762,37.7872
-5.1717,-4.0481,-15.0002
-5.7050,-4.3250,-22.4959
-6.2384,-4.6020,-30.0915
-6.7718,-4.8790,-37.7872
5.1717,-4.4263,-15.0002
5.7050,-4.5772,-22.4959
6.2384,-4.7281,-30.0915
6.7718,-4.8790,-37.7872
4.6511,-15.4377,-16.2504
5.3580,-16.4327,-23.3293
6.0649,-17.4277,-30.5083
6.7718,-18.4226,-37.7872
-4.6511,-15.3621,-16.2504
-5.3580,-16.3823,-23.3293
-6.0649,-17.4024,-30.5083
-6.7718,-18.4226,-37.7872
-3.0781,-20.7312,20.0101
-1.5390,-20.7312,20.1601
0.0000,-20.7312,20.2101
1.5390,-20.7312,20.1601
3.0781,-20.7312,20.0101
-8.3109,-18.1148,20.0101
-9.6858,-12.2003,22.1612
-11.0607,-6.2858,24.2123
-12.4357,-0.3713,26.1634
8.3109,-18.1148,20.0101
9.6858,-12.7802,22.1612
11.0607,-7.4456,24.2123
12.4357,-2.1110,26.1634
0,1
1,2
3,2
4,3
5,6
6,7
8,7
9,8
0,10
10,11
12,11
5,12
4,13
13,14
15,14
9,15
5,16
16,17
18,17
19,18
9,20
20,21
22,21
23,22
24,25
25,26
27,26
28,27
29,30
30,31
32,31
0,32
33,34
34,35
36,35
4,36
37,38
38,39
40,39
24,40
24,41
41,42
43,42
29,43
29,44
44,45
46,45
37,46
47,48
48,49
50,49
33,50
33,51
51,52
53,52
28,53
28,54
54,55
56,55
47,56
29,57
57,58
59,58
60,59
37,61
61,62
63,62
64,63
24,65
65,66
67,66
68,67
47,69
69,70
71,70
72,71
33,73
73,74
75,74
76,75
28,77
77,78
79,78
80,79
0,81
81,82
83,82
84,83
4,85
85,86
87,86
88,87
9,89
89,90
91,90
92,91
5,93
93,94
95,94
96,95
97,98
98,99
100,99
101,100
102,103
103,104
105,104
37,105
106,107
107,108
109,108
47,109
