8.0873,36.0214,-5.3685
6.3897,30.7967,-3.6238
4.6921,25.5720,-1.9790
2.9945,20.3473,-0.4343
1.2969,15.1226,1.0105
34.2584,-0.0000,-5.3685
28.7648,-0.0000,-3.6238
23.2712,-0.0000,-1.9790
17.7776,-0.0000,-0.4343
12.2840,-0.0000,1.0105
8.0873,-36.0214,-5.3685
6.3897,-30.7967,-3.6238
4.6921,-25.5720,-1.9790
2.9945,-20.3473,-0.4343
1.2969,-15.1226,1.0105
-34.2584,-22.2625,-5.3685
-29.8140,-19.0334,-3.6238
-25.3696,-15.8044,-1.9790
-20.9252,-12.5753,-0.4343
-16.4808,-9.3463,1.0105
-34.2584,22.2625,-5.3685
-29.8140,19.0334,-3.6238
-25.3696,15.8044,-1.9790
-20.9252,12.5753,-0.4343
-16.4808,9.3463,1.0105
-12.0364,10.7903,1.1605
-7.5919,12.2344,1.2105
-3.1475,13.6785,1.1605
4.0437,11.3419,1.1605
6.7905,7.5613,1.2105
9.5372,3.7806,1.1605
9.5372,-3.7806,1.1605
6.7905,-7.5613,1.2105
4.0437,-11.3419,1.1605
-3.1475,-13.6785,1.1605
-7.5920,-12.2344,1.2105
-12.0364,-10.7903,1.1605
-16.4808,-4.6731,1.1605
-16.4808,0.0000,1.2105
-16.4808,4.6731,1.1605
1.2969,15.1226,2.0552
1.2969,15.1226,3.0000
1.2969,15.1226,3.8448
1.2969,15.1226,4.5895
8.0873,36.0214,5.3685
6.3897,30.7967,5.3238
4.6921,25.5720,5.1790
2.9945,20.3473,4.9343
12.2840,-0.0000,2.0552
12.2840,-0.0000,3.0000
12.2840,-0.0000,3.8448
12.2840,-0.0000,4.5895
34.2584,-0.0000,5.3685
28.7648,-0.0000,5.3238
23.2712,-0.0000,5.1790
17.7776,-0.0000,4.9343
1.2969,-15.1226,2.0552
1.2969,-15.1226,3.0000
1.2969,-15.1226,3.8448
1.2969,-15.1226,4.5895
8.0873,-36.0214,5.3685
6.3897,-30.7967,5.3238
4.6921,-25.5720,5.1790
2.9945,-20.3473,4.9343
-16.4808,-9.3463,2.0552
-16.4808,-9.3463,3.0000
-16.4808,-9.3463,3.8448
-16.4808,-9.3463,4.5895
-34.2584,-22.2625,5.3685
-29.8140,-19.0334,5.3238
-25.3696,-15.8044,5.1790
-20.9252,-12.5753,4.9343
-16.4808,9.3463,2.0552
-16.4808,9.3463,3.0000
-16.4808,9.3463,3.8448
-16.4808,9.3463,4.5895
-34.2584,22.2625,5.3685
-29.8140,19.0334,5.3238
-25.3696,15.8044,5.1790
-20.9252,12.5753,4.9343
-12.0364,10.7903,4.7395
-7.5919,12.2344,4.7895
-3.1475,13.6785,4.7395
4.0437,11.3419,4.7395
6.7905,7.5613,4.7895
9.5372,3.7806,4.7395
9.5372,-3.7806,4.7395
6.7905,-7.5613,4.7895
4.0437,-11.3419,4.7395
-3.1475,-13.6785,4.7395
-7.5920,-12.2344,4.7895
-12.0364,-10.7903,4.7395
-16.4808,-4.6731,4.7395
-16.4808,0.0000,4.7895
-16.4808,4.6731,4.7395
0,1
1,2
3,2
4,3
5,6
6,7
8,7
9,8
10,11
11,12
13,12
14,13
15,16
16,17
18,17
19,18
20,21
21,22
23,22
24,23
24,25
25,26
27,26
4,27
4,28
28,29
30,29
9,30
9,31
31,32
33,32
14,33
14,34
34,35
36,35
19,36
19,37
37,38
39,38
24,39
4,40
40,41
42,41
43,42
44,45
45,46
47,46
43,47
9,48
48,49
50,49
51,50
52,53
53,54
55,54
51,55
14,56
56,57
58,57
59,58
60,61
61,62
63,62
59,63
19,64
64,65
66,65
67,66
68,69
69,70
71,70
67,71
24,72
72,73
74,73
75,74
76,77
77,78
79,78
75,79
75,80
80,81
82,81
43,82
43,83
83,84
85,84
51,85
51,86
86,87
88,87
59,88
59,89
89,90
91,90
67,91
67,92
92,93
94,93
75,94
