-3.0232,-4.3343,-1.2669
-2.0155,-4.1093,-1.2095
-1.0077,-3.8844,-1.2521
0.0000,-3.6594,-1.3948
-4.0310,-4.5593,-1.4243
-4.0235,-1.8347,13.5969
-5.3646,-1.7457,13.4647
-2.6823,-1.9238,13.6291
-1.3412,-2.0128,13.5612
0.0000,-2.1018,13.3934
4.0235,-2.4544,13.5969
5.3646,-2.5720,13.4647
0.0000,-1.6839,16.5048
0.0000,-1.2660,19.5162
0.0000,-0.8481,22.4275
0.0000,-0.4302,25.2389
-11.2456,2.8214,28.4785
-10.0690,0.3312,27.0872
8.1671,-17.9676,19.1989
7.7601,-15.4407,20.1275
7.3531,-12.9138,20.9561
6.9461,-10.3868,21.6847
6.5392,-7.8599,22.3133
7.7158,-5.6936,24.0046
8.8924,-3.5272,25.5959
10.0690,-1.3609,27.0872
11.2456,0.8055,28.4785
-17.9972,12.2473,30.2471
-16.4148,10.1072,29.1238
-14.8324,7.9670,27.9005
-13.2500,5.8269,26.5772
-11.6676,3.6867,25.1538
0.0000,-2.4912,9.8464
0.0000,-2.8806,6.1993
0.0000,-3.2700,2.4523
1.3412,-2.2194,13.5612
2.6823,-2.3369,13.6291
0.0000,-14.1753,9.1147
0.0000,-14.5810,11.6537
0.0000,-14.9866,14.0927
0.0000,-15.3923,16.4317
0.0000,-15.7980,18.6706
1.1718,-13.9885,9.3175
2.3436,-13.8016,9.4202
3.5153,-13.6148,9.4230
4.6871,-13.4280,9.3258
-3.5153,-13.4167,9.4230
-4.6871,-13.1638,9.3258
-2.3436,-13.6696,9.4202
-1.1718,-13.9224,9.3175
0.0000,-14.2093,6.0702
0.0000,-14.2433,2.9257
0.0000,-14.2774,-0.3189
0.0000,-14.3114,-3.6634
0.0000,-8.1200,24.3700
-2.1782,-5.3591,25.9754
-4.3564,-2.5982,27.4809
-6.5346,0.1627,28.8863
-8.7128,2.9236,30.1917
0.0000,-6.1976,24.7372
0.0000,-4.2751,25.0045
0.0000,-2.3527,25.1717
3.8068,-16.2070,21.5576
5.0758,-18.9026,20.4202
0.0000,-10.0395,23.0952
0.0000,-11.9590,21.7203
0.0000,-13.8785,20.2455
-4.9044,-7.3846,22.9775
-6.5392,-7.1394,22.3133
-3.2696,-7.6297,23.5417
-1.6348,-7.8749,24.0058
-1.2689,-10.8157,23.5325
-2.5379,-13.5113,22.5951
-3.8068,-16.2070,21.5576
-5.0758,-18.9026,20.4202
2.1782,-5.8028,25.9754
4.3564,-3.4857,27.4809
6.5346,-1.1685,28.8863
8.7128,1.1487,30.1917
1.6348,-8.0550,24.0058
3.2696,-7.9900,23.5417
4.9044,-7.9249,22.9775
1.2689,-10.8157,23.5325
2.5379,-13.5113,22.5951
6.7440,-6.1575,14.4058
7.9749,-4.2259,17.2428
9.2058,-2.2943,19.9798
10.4367,-0.3627,22.6168
11.6676,1.5689,25.1538
6.3992,-5.2611,14.3205
6.0543,-4.3647,14.1353
5.7095,-3.4684,13.8500
6.4234,-6.7423,10.5472
6.1028,-7.3271,6.5886
5.7822,-7.9119,2.5300
5.4616,-8.4967,-1.6286
6.2298,-7.9751,13.2858
5.7156,-9.7928,12.0658
5.2013,-11.6104,10.7458
6.5904,-7.4343,20.4864
6.6416,-7.0087,18.5596
6.6928,-6.5831,16.5327
-6.7440,-5.2914,14.4058
-6.3992,-4.4050,14.3205
-6.0543,-3.5185,14.1353
-5.7095,-2.6321,13.8500
-7.9749,-3.0468,17.2428
-6.2298,-7.2595,13.2858
-5.7156,-9.2276,12.0658
-5.2013,-11.1957,10.7458
-8.5635,-11.0566,-33.1499
-9.0067,-11.4797,-38.0529
-8.1204,-10.6334,-28.3468
-7.6773,-10.2103,-23.6438
-7.2342,-9.7872,-19.0407
-6.7910,-9.3640,-14.5377
-6.3479,-8.9409,-10.1346
-5.9048,-8.5177,-5.8316
-5.4616,-8.0946,-1.6286
0.0000,-19.7145,-33.4042
0.0000,-20.4864,-38.0529
0.0000,-18.9426,-28.8555
-9.2058,-0.8023,19.9798
-10.4367,1.4422,22.6168
-6.6928,-5.7534,16.5327
-6.6416,-6.2154,18.5596
-6.5904,-6.6774,20.4864
-5.7822,-7.3938,2.5300
-6.1028,-6.6930,6.5886
-6.4234,-5.9922,10.5472
0.0000,-18.1708,-24.4068
0.0000,-17.3989,-20.0581
0.0000,-16.6270,-15.8094
0.0000,-15.8551,-11.6608
0.0000,-15.0833,-7.6121
8.5635,-11.1069,-33.1499
9.0067,-11.4797,-38.0529
8.1204,-10.7340,-28.3468
7.6773,-10.3611,-23.6438
7.2342,-9.9882,-19.0407
6.7910,-9.6153,-14.5377
6.3479,-9.2425,-10.1346
-0.8014,-16.9605,18.9527
0.8014,-16.9605,18.9527
1.6029,-18.1231,19.1348
2.4043,-19.2857,19.2169
3.2058,-20.4482,19.1989
-8.1671,-17.9676,19.1989
-7.7601,-15.2605,20.1275
-7.3531,-12.5535,20.9561
-6.9461,-9.8464,21.6847
-8.8924,-2.1590,25.5959
-7.7158,-4.6492,24.0046
4.9809,-4.9122,-14.4100
5.2976,-4.9129,-18.9386
5.6142,-4.9136,-23.5672
5.9309,-4.9142,-28.2958
6.2475,-4.9149,-33.1243
6.5642,-4.9155,-38.0529
3.8374,-12.9309,-3.2550
4.1782,-13.5700,-7.2548
4.5191,-14.2091,-11.3545
6.2233,-17.4048,-33.3532
5.8825,-16.7657,-28.7534
5.5416,-16.1265,-24.2537
5.2008,-15.4874,-19.8540
4.8599,-14.8483,-15.5542
6.5642,-18.0439,-38.0529
-3.8374,-12.7405,-3.2550
-4.1782,-13.4034,-7.2548
-4.5191,-14.0664,-11.3545
-4.8599,-14.7293,-15.5542
-5.2008,-15.3922,-19.8540
-5.5416,-16.0551,-24.2537
-5.8825,-16.7181,-28.7534
-6.2233,-17.3810,-33.3532
-1.6029,-18.1231,19.1348
-2.4043,-19.2857,19.2169
-3.2058,-20.4482,19.1989
-6.5642,-18.0439,-38.0529
18.4293,14.3543,36.3522
16.9401,12.7856,35.7728
19.9185,15.9230,36.8317
-4.3476,-4.6038,-5.6529
-4.6643,-4.6483,-9.9815
-4.9809,-4.6929,-14.4100
-5.2976,-4.7374,-18.9386
-5.6142,-4.7819,-23.5672
-5.9309,-4.8265,-28.2958
4.6643,-4.9116,-9.9815
4.3476,-4.9109,-5.6529
4.0310,-4.9102,-1.4243
-6.5642,-4.9155,-38.0529
-6.2475,-4.8710,-33.1243
14.9393,7.7722,28.1288
13.5207,6.1421,27.0805
16.3579,9.4024,29.0772
17.7765,11.0325,29.9255
19.1951,12.6627,30.6738
20.6137,14.2928,31.3221
22.0323,15.9230,31.8704
8.0046,3.3736,30.1962
9.4939,4.9423,31.3756
15.4508,11.2170,35.0934
13.9616,9.6483,34.3139
12.4723,8.0796,33.4345
10.9831,6.5110,32.4550
-15.4508,14.9277,35.0934
-16.9400,16.8878,35.7728
-18.4293,18.8479,36.3522
-19.9185,20.8079,36.8317
12.9499,2.6952,29.8726
14.6541,4.5849,31.1668
16.3584,6.4745,32.3609
18.0627,8.3642,33.4551
19.7670,10.2539,34.4492
12.1021,4.5119,25.9322
10.6836,2.8817,24.6839
24.8798,15.9230,36.8317
23.1755,14.0333,36.1375
21.4713,12.1436,35.3434
-12.9499,5.0697,29.8726
-14.6541,7.3180,31.1668
-16.3584,9.5664,32.3609
-18.0627,11.8147,33.4551
-19.7670,14.0630,34.4492
-21.4713,16.3113,35.3434
-23.1755,18.5596,36.1375
-24.8798,20.8079,36.8317
-13.9616,12.9677,34.3139
-12.4723,11.0076,33.4345
-10.9831,9.0475,32.4550
-9.4939,7.0875,31.3756
-8.0046,5.1274,30.1962
10.3487,2.9432,25.7230
10.0138,3.0047,26.6620
9.6790,3.0662,27.5010
9.3441,3.1277,28.2400
9.0092,3.1892,28.8791
8.6744,3.2507,29.4181
8.3395,3.3121,29.8571
8.5358,1.7050,30.3428
8.3587,2.2612,30.3940
8.1817,2.8174,30.3451
9.3460,1.0629,29.9134
9.9792,0.9771,29.5351
10.6124,0.8913,29.0568
-10.6836,4.9696,24.6839
-12.1021,6.9494,25.9322
-13.5207,8.9292,27.0805
-14.9393,10.9090,28.1288
-16.3579,12.8887,29.0772
-22.0323,20.8079,31.8704
-20.6137,18.8281,31.3221
-19.1951,16.8483,30.6738
-17.7765,14.8685,29.9255
-11.4216,4.0074,25.1864
-11.5621,3.4704,26.1350
-11.4566,3.2541,27.0162
-11.3511,3.0377,27.7973
11.3511,0.9963,27.7973
11.4566,1.1872,27.0162
11.5621,1.3781,26.1350
10.9296,2.5535,24.9514
11.1756,2.2253,25.1189
11.4216,1.8971,25.1864
6.6944,-1.2085,16.4195
8.0241,0.1549,19.2743
5.0312,-3.1565,9.8925
4.6978,-3.7411,6.2202
4.3644,-4.3257,2.4479
-10.6124,2.8470,29.0568
-9.9792,2.8725,29.5351
-8.1817,4.5765,30.3451
-8.3587,4.0255,30.3940
-8.5358,3.4746,30.3428
-9.3460,2.8981,29.9134
-8.3395,5.1077,29.8571
-8.6744,5.0879,29.4181
-9.0092,5.0682,28.8791
-9.3441,5.0485,28.2400
-9.6790,5.0287,27.5010
-10.0138,5.0090,26.6620
-11.1756,4.3281,25.1189
-10.9296,4.6489,24.9514
-10.3487,4.9893,25.7230
6.0035,2.4227,29.1069
4.0023,1.4717,27.9175
-9.3538,3.2907,22.0291
-8.0241,1.6119,19.2743
-6.6944,-0.0669,16.4195
-5.0312,-2.4491,9.8925
9.3538,1.5183,22.0291
-4.3644,-3.8559,2.4479
-4.6978,-3.1525,6.2202
4.0498,-13.0551,0.0402
4.2623,-13.1794,3.2354
4.4747,-13.3037,6.3306
5.5571,-15.1830,10.7037
6.4271,-16.9381,11.9817
7.2971,-18.6932,13.1597
8.1671,-20.4482,14.2376
-6.0035,3.7380,29.1069
2.0012,0.5207,26.6282
-2.0012,0.9592,26.6282
-4.0023,2.3486,27.9175
-4.3886,-5.4431,-1.3254
-4.7463,-6.3269,-1.3264
-5.1040,-7.2107,-1.4275
-5.0556,-9.2561,-1.8852
-4.6495,-10.4175,-2.2418
-4.2434,-11.5790,-2.6984
5.0556,-9.6053,-1.8852
5.1040,-7.6001,-1.4275
4.7463,-6.7035,-1.3264
4.3886,-5.8069,-1.3254
4.6495,-10.7138,-2.2418
4.2434,-11.8223,-2.6984
-4.0498,-12.8463,0.0402
-4.2623,-12.9522,3.2354
-4.4747,-13.0580,6.3306
-8.1671,-20.4482,14.2376
-7.2971,-18.6271,13.1597
-6.4271,-16.8060,11.9817
-5.5571,-14.9849,10.7037
1.0077,-3.9721,-1.2521
2.0155,-4.2848,-1.2095
3.0232,-4.5975,-1.2669
-2.8780,-13.1332,-3.2071
-1.9187,-13.5259,-3.2592
-0.9593,-13.9187,-3.4113
2.8780,-13.2760,-3.2071
1.9187,-13.6211,-3.2592
0.9593,-13.9663,-3.4113
5.9048,-8.8696,-5.8316
0.0000,-2.6213,-33.1206
0.0000,-2.4731,-38.0529
0.0000,-2.7696,-28.2884
0.0000,-2.9179,-23.5561
0.0000,-3.0662,-18.9238
0.0000,-3.2145,-14.3916
0.0000,-3.3628,-9.9593
0.0000,-3.5111,-5.6270
20.7674,14.0762,37.4203
22.4895,15.9230,38.0529
19.0453,12.2294,36.6876
17.3232,10.3826,35.8550
15.6012,8.5358,34.9223
13.8791,6.6891,33.8897
12.1570,4.8423,32.7570
10.4349,2.9955,31.5244
22.7444,14.1287,33.0171
24.3268,15.9230,33.7404
21.1620,12.3344,32.1938
19.5796,10.5402,31.2704
17.9972,8.7459,30.2471
16.4148,6.9517,29.1238
14.8324,5.1574,27.9005
13.2500,3.3632,26.5772
-20.7674,18.5724,37.4203
-22.4895,20.8079,38.0529
-19.0453,16.3369,36.6876
-17.3232,14.1013,35.8550
-15.6012,11.8658,34.9223
-13.8791,9.6303,33.8897
-12.1570,7.3947,32.7570
-10.4349,5.1592,31.5244
-22.7444,18.6678,33.0171
-24.3268,20.8079,33.7404
-21.1620,16.5276,32.1938
-19.5796,14.3875,31.2704
0,1
2,3
2,1
4,0
5,6
5,7
8,7
9,8
10,11
12,13
14,13
9,12
14,15
16,17
18,19
19,20
21,20
21,22
23,22
23,24
25,24
26,25
27,28
28,29
30,29
30,31
9,32
32,33
34,33
34,3
9,35
35,36
10,36
37,38
38,39
40,39
40,41
37,42
42,43
44,43
44,45
46,47
46,48
49,48
37,49
37,50
50,51
52,51
52,53
54,55
55,56
57,56
57,58
54,59
59,60
61,60
62,63
54,64
64,65
66,65
66,41
67,68
67,69
70,69
54,70
54,71
71,72
73,72
73,74
61,15
54,75
75,76
77,76
77,78
54,79
79,80
81,80
81,22
54,82
82,83
62,83
84,85
85,86
87,86
87,88
84,89
89,90
91,90
91,11
84,92
92,93
94,93
94,95
84,96
96,97
98,97
98,45
99,22
99,100
101,100
84,101
102,103
103,104
105,104
105,6
102,106
107,108
109,108
109,47
110,111
110,112
113,112
114,113
114,115
115,116
117,116
117,118
119,120
119,121
106,122
123,122
123,31
102,124
124,125
126,125
126,68
127,118
127,128
129,128
102,129
102,107
130,121
131,130
131,132
132,133
134,133
134,53
135,136
135,137
138,137
139,138
139,140
140,141
142,41
143,41
143,144
145,144
146,145
147,148
148,149
150,149
17,151
152,151
152,68
150,68
153,154
155,154
155,156
157,156
158,157
159,160
160,161
162,163
164,163
164,165
166,165
166,161
167,162
168,169
169,170
171,170
171,172
173,172
173,174
175,174
142,176
177,176
178,177
179,175
180,181
182,180
4,183
183,184
185,184
185,186
187,186
187,188
153,189
190,189
191,190
192,193
193,188
194,195
194,196
197,196
197,198
199,198
200,199
201,202
203,181
203,204
205,204
205,206
202,206
207,208
209,208
210,209
26,211
211,212
213,212
213,214
215,214
216,195
217,216
218,219
219,220
215,220
221,222
223,222
223,224
225,224
225,226
227,226
228,227
207,229
230,229
230,231
232,231
233,232
217,234
234,235
236,235
236,237
238,237
238,239
240,239
241,78
241,242
243,242
201,243
201,240
244,78
244,245
246,245
26,246
247,248
248,249
250,249
250,251
16,221
252,253
253,254
255,254
255,251
256,31
257,31
257,258
259,258
16,259
26,260
260,261
262,261
217,263
263,264
265,264
265,88
262,88
266,267
266,11
268,11
268,269
270,269
191,270
16,271
271,272
273,274
275,274
275,58
276,58
276,272
233,273
233,277
277,278
279,278
279,280
281,280
281,282
256,283
284,283
247,284
247,285
285,282
286,287
201,286
247,288
288,289
290,289
290,6
291,6
292,267
217,292
4,293
293,294
291,294
295,296
297,296
297,45
298,45
298,299
300,299
301,300
233,302
303,287
303,15
304,15
304,305
302,305
4,306
306,307
308,307
308,118
309,118
309,310
311,310
168,311
312,95
313,95
313,314
315,314
191,315
312,316
317,316
159,317
168,318
318,319
320,319
320,47
159,295
321,322
322,323
324,323
324,47
325,326
327,326
191,327
168,328
328,329
330,329
330,53
325,3
159,331
331,332
333,332
333,53
334,141
334,95
335,336
335,337
338,337
339,338
339,340
340,341
342,341
342,3
343,344
343,345
346,345
347,346
347,348
348,349
350,349
350,78
351,352
351,353
354,353
355,354
355,356
356,357
358,357
358,88
359,360
359,361
362,361
363,362
363,364
364,365
366,365
366,58
367,368
367,369
370,369
27,370
