-6.2500,-50.0000,0.0000
-2.7467,-38.6842,24.0391
0.7566,-27.3684,46.1467
4.2599,-16.0526,66.3227
7.7632,-4.7368,84.5673
42.4785,-40.4608,113.2475
33.7997,-31.5298,108.9747
25.1209,-22.5988,102.7704
16.4421,-13.6678,94.6346
50.0000,0.0000,0.0000
39.4408,-1.1842,24.0391
28.8816,-2.3684,46.1467
18.3224,-3.5526,66.3227
42.4785,34.1452,113.2475
33.7997,24.4247,108.9747
25.1209,14.7042,102.7704
16.4421,4.9837,94.6346
7.7632,-4.7368,124.5511
7.7632,-4.7368,117.4524
7.7632,-4.7368,108.4222
7.7632,-4.7368,97.4605
-32.1275,34.1452,113.2475
-22.1548,24.4247,108.9747
-12.1821,14.7042,102.7704
-2.2094,4.9837,94.6346
-50.0000,-6.2500,0.0000
-35.5592,-5.8717,24.0391
-21.1184,-5.4934,46.1467
-6.6776,-5.1151,66.3227
51.1573,-49.3918,109.7596
59.8361,-58.3229,104.3401
68.5149,-67.2539,96.9892
77.1937,-76.1849,87.7067
111.9090,-111.9090,0.0000
103.2302,-102.9780,24.8239
94.5514,-94.0469,47.7164
85.8726,-85.1159,68.6773
-42.1002,43.8656,109.7596
-52.0729,53.5861,104.3401
-62.0456,63.3066,96.9892
-72.0182,73.0271,87.7067
-111.9090,111.9090,0.0000
-101.9363,102.1885,24.8239
-91.9636,92.4680,47.7164
-81.9909,82.7476,68.6773
51.1573,43.8656,109.7596
59.8361,53.5861,104.3401
68.5149,63.3066,96.9892
77.1937,73.0271,87.7067
111.9090,111.9090,0.0000
103.2302,102.1885,24.8239
94.5514,92.4680,47.7164
85.8726,82.7476,68.6773
7.7632,-4.7368,94.2744
7.7632,-4.7368,102.0500
7.7632,-4.7368,107.8941
7.7632,-4.7368,111.8067
-6.2500,-50.0000,66.9635
-2.7467,-38.6842,81.0715
0.7566,-27.3684,93.2481
4.2599,-16.0526,103.4931
42.4785,-40.4608,119.0768
42.4785,-40.4608,122.9746
42.4785,-40.4608,124.9409
42.4785,-40.4608,124.9756
33.7997,-31.5298,124.5806
25.1209,-22.5988,122.2542
16.4421,-13.6678,117.9962
50.0000,0.0000,66.9635
39.4408,-1.1842,81.0715
28.8816,-2.3684,93.2481
18.3224,-3.5526,103.4931
42.4785,34.1452,119.0768
42.4785,34.1452,122.9746
42.4785,34.1452,124.9409
42.4785,34.1452,124.9756
33.7997,24.4247,124.5806
25.1209,14.7042,122.2542
16.4421,4.9837,117.9962
7.7632,-4.7368,129.7183
7.7632,-4.7368,132.9540
7.7632,-4.7368,134.2582
7.7632,-4.7368,133.6309
7.7632,-4.7368,131.0721
7.7632,-4.7368,126.5818
7.7632,-4.7368,120.1600
-32.1275,34.1452,119.0768
-32.1275,34.1452,122.9746
-32.1275,34.1452,124.9409
-32.1275,34.1452,124.9756
-22.1548,24.4247,124.5806
-12.1821,14.7042,122.2542
-2.2094,4.9837,117.9962
-50.0000,-6.2500,66.9635
-35.5592,-5.8717,81.0715
-21.1184,-5.4934,93.2481
-6.6776,-5.1151,103.4931
77.1937,-76.1849,95.5222
77.1937,-76.1849,101.4062
77.1937,-76.1849,105.3586
77.1937,-76.1849,107.3796
51.1573,-49.3918,123.4739
59.8361,-58.3229,120.0406
68.5149,-67.2539,114.6759
111.9090,-111.9090,66.9635
103.2302,-102.9780,79.9648
94.5514,-94.0469,91.0346
85.8726,-85.1159,100.1728
-72.0182,73.0271,95.5222
-72.0182,73.0271,101.4062
-72.0182,73.0271,105.3586
-72.0182,73.0271,107.3796
-42.1002,43.8656,123.4739
-52.0729,53.5861,120.0406
-62.0456,63.3066,114.6759
-111.9090,111.9090,66.9635
-101.9363,102.1885,79.9648
-91.9636,92.4680,91.0346
-81.9909,82.7476,100.1728
77.1937,73.0271,95.5222
77.1937,73.0271,101.4062
77.1937,73.0271,105.3586
77.1937,73.0271,107.3796
51.1573,43.8656,123.4739
59.8361,53.5861,120.0406
68.5149,63.3066,114.6759
111.9090,111.9090,66.9635
103.2302,102.1885,79.9648
94.5514,92.4680,91.0346
85.8726,82.7476,100.1728
0,1
2,1
2,3
4,3
5,6
7,6
7,8
4,8
9,10
11,10
11,12
4,12
13,14
15,14
15,16
4,16
17,18
19,18
19,20
4,20
21,22
23,22
23,24
4,24
25,26
27,26
27,28
4,28
5,29
30,29
30,31
32,31
33,34
35,34
35,36
32,36
21,37
38,37
38,39
40,39
41,42
43,42
43,44
40,44
13,45
46,45
46,47
48,47
49,50
51,50
51,52
48,52
4,53
54,53
54,55
56,55
57,58
59,58
59,60
56,60
5,61
62,61
62,63
64,63
64,65
66,65
66,67
56,67
68,69
70,69
70,71
56,71
13,72
73,72
73,74
75,74
75,76
77,76
77,78
56,78
17,79
80,79
80,81
82,81
82,83
84,83
84,85
56,85
21,86
87,86
87,88
89,88
89,90
91,90
91,92
56,92
93,94
95,94
95,96
56,96
32,97
98,97
98,99
100,99
64,101
102,101
102,103
100,103
104,105
106,105
106,107
100,107
40,108
109,108
109,110
111,110
89,112
113,112
113,114
111,114
115,116
117,116
117,118
111,118
48,119
120,119
120,121
122,121
75,123
124,123
124,125
122,125
126,127
128,127
128,129
122,129
