-4.6822,-4.6822,-20.9277
-4.5117,-4.5079,-15.1575
-4.3412,-4.3336,-9.6358
-4.1707,-4.1592,-4.3626
-4.0002,-3.9849,0.6621
4.6822,-4.6822,-20.9277
4.4446,-4.5258,-15.2105
4.2070,-4.3694,-9.7419
3.9694,-4.2130,-4.5218
3.7318,-4.0566,0.4498
-2.0672,-4.0028,0.9818
-0.1342,-4.0208,1.0529
1.7988,-4.0387,0.8756
4.6822,4.6822,-20.9277
4.4623,4.4691,-15.1695
4.2423,4.2559,-9.6599
4.0224,4.0428,-4.3988
3.8025,3.8297,0.6138
3.7494,-2.0850,0.8636
3.7671,-0.1135,1.0288
3.7848,1.8581,0.9456
-4.6822,4.6822,-20.9277
-4.5059,4.4777,-15.1433
-4.3296,4.2731,-9.6075
-4.1533,4.0686,-4.3202
-3.9769,3.8641,0.7186
-2.0321,3.8555,1.0652
-0.0872,3.8469,1.1632
1.8576,3.8383,1.0128
-3.9944,-2.0227,1.0490
-3.9886,-0.0604,1.1873
-3.9828,1.9018,1.0772
-5.7686,-5.7549,4.7317
-7.5369,-7.5249,8.5528
-9.3052,-9.2950,12.1255
-11.0735,-11.0650,15.4496
5.4095,-5.8897,4.3334
7.0872,-7.7227,7.9684
8.7649,-9.5558,11.3549
10.4426,-11.3889,14.4930
5.5451,5.5795,4.6472
7.2878,7.3293,8.4321
9.0304,9.0792,11.9686
10.7731,10.8290,15.2565
-5.7397,5.6304,4.8037
-7.5024,7.3967,8.6404
-9.2651,9.1630,12.2285
-11.0279,10.9293,15.5682
-7.8190,-13.8988,22.6562
-4.1083,-13.9881,22.8006
-0.3976,-14.0774,22.6964
3.3131,-14.1667,22.3438
7.0239,-14.2560,21.7426
12.3398,-8.5683,20.2275
12.5594,-4.6098,21.0778
12.7790,-0.6513,21.6797
12.9986,3.3071,22.0330
13.2181,7.2656,22.1378
-7.6959,13.6285,22.9792
-3.9227,13.6079,23.2877
-0.1495,13.5873,23.3477
3.6236,13.5666,23.1593
7.3968,13.5460,22.7223
-13.8001,-7.7014,22.9281
-13.7911,-3.8886,23.3246
-13.7820,-0.0758,23.4725
-13.7730,3.7370,23.3720
-13.7639,7.5498,23.0229
-10.2599,-11.7734,17.6240
-9.4463,-12.4819,19.5499
-8.6326,-13.1903,21.2273
-9.3143,-12.3494,23.0969
-10.8096,-10.8001,23.2892
-12.3049,-9.2507,23.2329
-13.1185,-8.5423,21.4313
-12.4368,-9.3832,19.6859
-11.7552,-10.2241,17.6920
7.8785,-13.5392,20.3030
8.7332,-12.8225,18.6148
9.5879,-12.1057,16.6782
10.9169,-10.6838,16.2994
11.3912,-9.9786,17.8573
11.8655,-9.2734,19.1666
11.0108,-9.9902,20.9790
9.6818,-11.4121,21.4821
8.3529,-12.8341,21.7366
8.8521,11.9759,22.9489
10.3075,10.4058,22.9270
11.7628,8.8357,22.6567
12.6069,8.1564,20.7902
11.9956,9.0473,19.1941
11.3843,9.9382,17.3495
9.9290,11.5083,17.4957
9.0849,12.1875,19.4864
8.2409,12.8668,21.2286
-12.2469,9.0695,23.3847
-10.7299,10.5892,23.4980
-9.2129,12.1089,23.3629
-8.5289,12.9537,21.4992
-9.3619,12.2789,19.7707
-10.1949,11.6041,17.7937
-11.7119,10.0844,17.8046
-12.3959,9.2395,19.7925
-13.0799,8.3947,21.5320
-15.9861,-9.1240,23.4753
-18.1721,-10.5466,23.7740
-20.3581,-11.9691,23.8242
-22.5441,-13.3917,23.6258
-12.9738,-12.9674,14.1085
-14.8741,-14.8699,12.5188
-16.7745,-16.7723,10.6807
-18.6748,-18.6748,8.5940
-9.2208,-16.0672,23.2515
-10.6226,-18.2357,23.5983
-12.0245,-20.4042,23.6966
-13.4263,-22.5727,23.5464
8.5509,-16.4840,22.3387
10.0780,-18.7120,22.6863
11.6050,-20.9400,22.7853
13.1321,-23.1680,22.6359
12.5006,-13.2104,13.3910
14.5587,-15.0318,12.0405
16.6167,-16.8533,10.4415
18.6748,-18.6748,8.5940
13.9236,-10.3997,19.4380
15.5073,-12.2311,18.4001
17.0910,-14.0624,17.1136
18.6748,-15.8938,15.5786
8.8705,15.7747,23.3039
10.3443,18.0035,23.6370
11.8181,20.2322,23.7216
13.2918,22.4609,23.5577
15.5043,8.7631,22.8228
17.7905,10.2606,23.2593
20.0767,11.7581,23.4473
22.3629,13.2556,23.3869
12.7485,12.7904,13.9636
14.7239,14.7519,12.4222
16.6993,16.7133,10.6324
18.6748,18.6748,8.5940
-15.9559,8.9980,23.5545
-18.1478,10.4463,23.8375
-20.3398,11.8945,23.8721
-22.5317,13.3427,23.6581
-9.1190,15.8437,23.5185
-10.5422,18.0588,23.8093
-11.9654,20.2739,23.8516
-13.3885,22.4891,23.6454
-12.9396,12.8657,14.1974
-14.8513,14.8020,12.5781
-16.7630,16.7384,10.7103
-18.6748,18.6748,8.5940
-26.0004,-18.0678,21.7470
-25.7199,-19.5292,20.0548
-25.4393,-20.9906,18.1141
-25.1588,-22.4520,15.9249
-24.8783,-23.9135,13.4872
-23.9134,-24.8783,13.4872
-22.4548,-25.1610,15.9186
-20.9961,-25.4438,18.1015
-19.5375,-25.7265,20.0360
-18.0788,-26.0093,21.7219
-18.1901,-24.4768,24.3916
-19.7600,-22.9027,24.7696
-21.3299,-21.3286,24.8991
-22.8999,-19.7545,24.7800
-24.4698,-18.1804,24.4125
17.9437,-26.5332,20.9941
19.4361,-26.1195,19.4901
20.9286,-25.7057,17.7377
22.4210,-25.2920,15.7367
23.9134,-24.8783,13.4872
24.8783,-23.9135,13.4872
24.8783,-23.7006,14.3945
24.8783,-23.4878,15.0532
24.8783,-23.2750,15.4635
24.8783,-23.0621,15.6253
23.9134,-23.0621,18.0486
22.4210,-23.7909,19.5069
20.9286,-24.5196,20.7168
19.4361,-25.2483,21.6782
17.9437,-25.9770,22.3911
18.1245,24.4236,24.3728
19.6914,22.8480,24.7343
21.2582,21.2723,24.8473
22.8251,19.6966,24.7118
24.3919,18.1209,24.3279
25.9356,18.0189,21.6661
25.6713,19.4925,19.9941
25.4069,20.9662,18.0736
25.1426,22.4398,15.9047
24.8783,23.9135,13.4872
23.9134,24.8783,13.4872
22.4423,25.1507,15.9181
20.9711,25.4232,18.1006
19.5000,25.6956,20.0346
18.0288,25.9681,21.7200
-24.4618,18.1549,24.4336
-22.8902,19.7267,24.8055
-21.3186,21.2985,24.9289
-19.7470,22.8703,24.8038
-18.1754,24.4421,24.4302
-18.0657,25.9797,21.7563
-19.5276,25.7044,20.0618
-20.9896,25.4290,18.1187
-22.4515,25.1536,15.9272
-23.9134,24.8783,13.4872
-24.8783,23.9135,13.4872
-25.1575,22.4474,15.9282
-25.4368,20.9813,18.1208
-25.7160,19.5152,20.0648
-25.9953,18.0491,21.7603
-23.9884,-16.9832,24.5886
-23.5069,-15.7861,24.5162
-23.0255,-14.5889,24.1953
-23.4081,-14.5607,23.5289
-24.2722,-15.7297,23.1834
-25.1363,-16.8988,22.5895
-25.6177,-18.0959,22.7861
-25.2351,-18.1241,23.5768
-24.8524,-18.1523,24.1189
-16.9157,-25.1501,22.5508
-15.7526,-24.2910,23.1311
-14.5894,-23.4318,23.4630
-14.6172,-23.0487,24.1304
-15.8082,-23.5247,24.4660
-16.9991,-24.0007,24.5530
-18.1623,-24.8599,24.0969
-18.1345,-25.2430,23.5537
-18.1066,-25.6262,22.7621
16.7408,-25.2748,22.8250
15.5379,-24.5725,23.0105
14.3350,-23.8703,22.9474
14.3350,-24.0093,22.5982
15.5379,-24.8506,22.3120
16.7408,-25.6919,21.7773
17.9437,-26.3941,21.7161
17.9437,-26.2551,22.1896
17.9437,-26.1160,22.4146
16.8446,25.0913,22.5522
15.6603,24.2145,23.1359
14.4761,23.3377,23.4710
14.5000,22.9516,24.1342
15.7082,23.4423,24.4623
16.9163,23.9330,24.5418
18.1006,24.8097,24.0824
18.0767,25.1958,23.5434
18.0527,25.5820,22.7560
23.8847,16.9046,24.4654
23.3774,15.6883,24.3544
22.8702,14.4720,23.9949
23.2561,14.4465,23.3294
24.1493,15.6373,23.0235
25.0425,16.8281,22.4690
25.5497,18.0444,22.7043
25.1638,18.0699,23.4940
24.7778,18.0954,24.0352
-25.1294,16.8725,22.6075
-24.2635,15.6959,23.2062
-23.3976,14.5193,23.5564
-23.0142,14.5458,24.2248
-23.4967,15.7488,24.5429
-23.9792,16.9518,24.6125
-24.8451,18.1284,24.1380
-25.2285,18.1020,23.5940
-25.6119,18.0756,22.8014
-16.9787,23.9538,24.6068
-15.7820,23.4656,24.5348
-14.5852,22.9773,24.2143
-14.5578,23.3617,23.5458
-15.7271,24.2344,23.1978
-16.8964,25.1071,22.6013
-18.0931,25.5953,22.7975
-18.1205,25.2109,23.5903
-18.1480,24.8265,24.1345
-26.1385,-17.8317,23.9141
-27.8072,-17.4830,23.1671
-29.4759,-17.1342,22.1716
-31.1446,-16.7855,20.9277
-23.3845,-12.4481,22.7066
-24.2250,-11.5044,21.5388
-25.0655,-10.5608,20.1225
-25.9059,-9.6172,18.4577
-27.5277,-17.7472,21.3091
-29.0549,-17.4266,20.6227
-30.5822,-17.1061,19.6878
-32.1094,-16.7855,18.5044
17.6541,-27.2689,22.3980
17.3646,-28.5608,22.1564
17.0750,-29.8527,21.6663
16.7855,-31.1446,20.9277
12.2534,-23.8525,21.9641
11.3746,-24.5370,21.0438
10.4959,-25.2215,19.8750
9.6172,-25.9059,18.4577
17.6541,-27.9273,20.7445
17.3646,-29.3213,20.2463
17.0750,-30.7154,19.4996
16.7855,-32.1094,18.5044
17.7180,27.5034,21.2889
17.4072,29.0388,20.6092
17.0963,30.5741,19.6811
16.7855,32.1094,18.5044
12.3732,23.3222,22.6555
11.4545,24.1834,21.5047
10.5358,25.0447,20.1055
9.6172,25.9059,18.4577
17.7898,26.1039,23.8843
17.4550,27.7841,23.1472
17.1202,29.4644,22.1617
16.7855,31.1446,20.9277
-27.5238,17.7332,21.3191
-29.0524,17.4173,20.6294
-30.5809,17.1014,19.6911
-32.1094,16.7855,18.5044
-23.3753,12.4114,22.7308
-24.2188,11.4800,21.5549
-25.0624,10.5486,20.1306
-25.9059,9.6172,18.4577
-26.1325,17.8125,23.9299
-27.8032,17.4702,23.1776
-29.4739,17.1278,22.1769
-31.1446,16.7855,20.9277
-17.7555,-27.5343,21.2903
-17.4322,-29.0594,20.6101
-17.1088,-30.5844,19.6815
-16.7855,-32.1094,18.5044
-12.4740,-23.4060,22.6469
-11.5217,-24.2393,21.4990
-10.5695,-25.0726,20.1026
-9.6172,-25.9059,18.4577
-17.8389,-26.1437,23.8984
-17.4878,-27.8107,23.1566
-17.1366,-29.4777,22.1664
-16.7855,-31.1446,20.9277
26.0801,17.7871,23.8506
27.7683,17.4532,23.1248
29.4565,17.1194,22.1505
31.1446,16.7855,20.9277
23.2487,12.3460,22.5273
24.1344,11.4364,21.4193
25.0202,10.5268,20.0628
25.9059,9.6172,18.4577
27.4791,17.7105,21.2484
29.0225,17.4022,20.5823
30.5660,17.0938,19.6676
32.1094,16.7855,18.5044
-17.8279,26.1177,23.9273
-17.4804,27.7934,23.1759
-17.1330,29.4690,22.1760
-16.7855,31.1446,20.9277
-12.4457,23.3433,22.7212
-11.5029,24.1975,21.5485
-10.5600,25.0517,20.1274
-9.6172,25.9059,18.4577
-17.7457,27.5121,21.3161
-17.4256,29.0446,20.6274
-17.1055,30.5770,19.6901
-16.7855,32.1094,18.5044
0,1
1,2
3,2
4,3
5,6
6,7
8,7
9,8
4,10
10,11
12,11
9,12
13,14
14,15
16,15
17,16
9,18
18,19
20,19
17,20
21,22
22,23
24,23
25,24
25,26
26,27
28,27
17,28
4,29
29,30
31,30
25,31
4,32
32,33
34,33
35,34
9,36
36,37
38,37
39,38
17,40
40,41
42,41
43,42
25,44
44,45
46,45
47,46
48,49
49,50
51,50
52,51
53,54
54,55
56,55
57,56
58,59
59,60
61,60
62,61
63,64
64,65
66,65
67,66
35,68
68,69
70,69
48,70
48,71
71,72
73,72
63,73
63,74
74,75
76,75
35,76
52,77
77,78
79,78
39,79
39,80
80,81
82,81
53,82
53,83
83,84
85,84
52,85
62,86
86,87
88,87
57,88
57,89
89,90
91,90
43,91
43,92
92,93
94,93
62,94
67,95
95,96
97,96
58,97
58,98
98,99
100,99
47,100
47,101
101,102
103,102
67,103
63,104
104,105
106,105
107,106
35,108
108,109
110,109
111,110
48,112
112,113
114,113
115,114
52,116
116,117
118,117
119,118
39,120
120,121
122,121
123,122
53,124
124,125
126,125
127,126
62,128
128,129
130,129
131,130
57,132
132,133
134,133
135,134
43,136
136,137
138,137
139,138
67,140
140,141
142,141
143,142
58,144
144,145
146,145
147,146
47,148
148,149
150,149
151,150
152,153
153,154
155,154
156,155
157,158
158,159
160,159
161,160
162,163
163,164
165,164
166,165
167,168
168,169
170,169
171,170
172,173
173,174
175,174
176,175
177,178
178,179
180,179
181,180
182,183
183,184
185,184
186,185
187,188
188,189
190,189
191,190
192,193
193,194
195,194
196,195
197,198
198,199
200,199
201,200
202,203
203,204
205,204
206,205
207,208
208,209
210,209
211,210
166,212
212,213
214,213
107,214
107,215
215,216
217,216
152,217
152,218
218,219
220,219
166,220
161,221
221,222
223,222
115,223
115,224
224,225
226,225
162,226
162,227
227,228
229,228
161,229
181,230
230,231
232,231
119,232
119,233
233,234
235,234
167,235
167,236
236,237
238,237
181,238
196,239
239,240
241,240
131,241
131,242
242,243
244,243
182,244
182,245
245,246
247,246
196,247
186,248
248,249
250,249
135,250
135,251
251,252
253,252
187,253
187,254
254,255
256,255
186,256
211,257
257,258
259,258
143,259
143,260
260,261
262,261
197,262
197,263
263,264
265,264
211,265
201,266
266,267
268,267
147,268
147,269
269,270
271,270
202,271
202,272
272,273
274,273
201,274
166,275
275,276
277,276
278,277
107,279
279,280
281,280
282,281
152,283
283,284
285,284
286,285
181,287
287,288
289,288
290,289
119,291
291,292
293,292
294,293
167,295
295,296
297,296
298,297
196,299
299,300
301,300
302,301
131,303
303,304
305,304
306,305
182,307
307,308
309,308
310,309
211,311
311,312
313,312
314,313
143,315
315,316
317,316
318,317
197,319
319,320
321,320
322,321
161,323
323,324
325,324
326,325
115,327
327,328
329,328
330,329
162,331
331,332
333,332
334,333
186,335
335,336
337,336
338,337
135,339
339,340
341,340
342,341
187,343
343,344
345,344
346,345
201,347
347,348
349,348
350,349
147,351
351,352
353,352
354,353
202,355
355,356
357,356
358,357
