-13.9560,7.5128,4.6898
-19.0284,11.1982,2.2829
-19.0284,-11.1982,2.2829
-24.1008,-14.8835,-0.2239
-13.9560,-7.5128,4.6898
-10.3834,8.6736,4.8398
-6.8108,9.8344,4.8898
-29.1732,18.5688,-2.8307
-24.1008,14.8835,-0.2239
-34.2456,22.2541,-5.5376
-34.2456,-22.2541,-5.5376
-29.1732,-18.5688,-2.8307
8.0843,36.0080,5.5376
6.1468,30.0450,6.2307
0.3343,12.1560,7.7102
0.3343,12.1560,7.1051
0.3343,12.1560,6.4000
0.3343,12.1560,5.5949
0.3343,12.1560,4.6898
-7.9566,3.1541,8.4966
-7.9566,1.5770,8.6466
-7.9566,0.0000,8.6966
-7.9566,-1.5770,8.6466
-7.9566,-3.1541,8.4966
-6.4567,-3.6414,8.6466
-4.9569,-4.1287,8.6966
-3.4571,-4.6160,8.6466
-7.9566,3.1541,9.5034
-7.9566,1.5770,9.6534
-7.9566,0.0000,9.7034
0.3343,-12.1560,4.6898
2.2718,-18.1190,2.2829
4.2093,-24.0820,-0.2239
6.1468,-30.0450,-2.8307
8.0843,-36.0080,-5.5376
9.1662,-0.0000,4.6898
15.4361,-0.0000,2.2829
21.7059,-0.0000,-0.2239
27.9758,-0.0000,-2.8307
34.2456,-0.0000,-5.5376
2.2718,18.1190,2.2829
6.1468,30.0450,-2.8307
4.2093,24.0820,-0.2239
8.0843,36.0080,-5.5376
1.7506,-0.0000,8.4966
0.8236,1.2758,8.6466
-0.1033,2.5517,8.6966
-1.0303,3.8275,8.6466
-1.9572,5.1034,8.4966
3.6045,-0.0000,7.6949
5.4584,-0.0000,6.7932
7.3123,-0.0000,5.7915
-3.4571,4.6160,8.6466
-4.9569,4.1287,8.6966
-6.4567,3.6414,8.6466
0.3343,-12.1560,5.5949
0.3343,-12.1560,6.4000
9.1662,-0.0000,7.7102
15.4361,-0.0000,7.3171
21.7059,-0.0000,6.8239
27.9758,-0.0000,6.2307
34.2456,-0.0000,5.5376
9.1662,-0.0000,7.1051
9.1662,-0.0000,6.4000
9.1662,-0.0000,5.5949
2.2718,18.1190,7.3171
4.2093,24.0820,6.8239
-7.9566,-3.1541,8.8983
-1.9572,-5.1034,9.5034
-1.0303,-3.8275,9.6534
-0.1033,-2.5517,9.7034
0.8236,-1.2758,9.6534
1.7506,-0.0000,9.5034
-1.3843,-6.8665,9.2051
-0.8114,-8.6297,8.8068
-0.2386,-10.3929,8.3085
0.3343,-12.1560,7.7102
-1.9572,-5.1034,9.4017
-1.9572,-5.1034,9.2000
-1.9572,-5.1034,8.8983
-7.9566,-1.5770,9.6534
-7.9566,-3.1541,9.5034
-6.4567,-3.6414,9.6534
-4.9569,-4.1287,9.7034
-3.4571,-4.6160,9.6534
-9.4564,-4.2438,9.2051
-10.9563,-5.3335,8.8068
-12.4561,-6.4232,8.3085
-13.9560,-7.5128,7.7102
-7.9566,-3.1541,9.4017
-7.9566,-3.1541,9.2000
-1.9572,5.1034,9.5034
-3.4571,4.6160,9.6534
-4.9569,4.1287,9.7034
-6.4567,3.6414,9.6534
-1.3843,6.8665,9.2051
-0.8114,8.6297,8.8068
-0.2386,10.3929,8.3085
-1.9572,5.1034,9.4017
-1.9572,5.1034,9.2000
-1.9572,5.1034,8.8983
-1.9572,-5.1034,8.4966
-9.4564,-4.2438,7.6949
-10.9563,-5.3335,6.7932
-12.4561,-6.4232,5.7915
-1.0303,-3.8275,8.6466
-0.1033,-2.5517,8.6966
0.8236,-1.2758,8.6466
-1.3843,-6.8665,7.6949
-0.8114,-8.6297,6.7932
-0.2386,-10.3929,5.7915
-3.2382,10.9952,7.8602
-6.8108,9.8344,7.9102
-10.3834,8.6736,7.8602
-13.9560,7.5128,7.7102
-19.0284,11.1982,7.3171
-24.1008,14.8835,6.8239
-29.1732,18.5688,6.2307
-34.2456,22.2541,5.5376
-13.9560,7.5128,7.1051
-13.9560,7.5128,6.4000
-13.9560,7.5128,5.5949
-19.0284,-11.1982,7.3171
-24.1008,-14.8835,6.8239
-9.4564,4.2438,9.2051
-10.9563,5.3335,8.8068
-12.4561,6.4232,8.3085
-7.9566,3.1541,9.4017
-7.9566,3.1541,9.2000
-7.9566,3.1541,8.8983
-13.9560,3.7564,7.8602
-13.9560,0.0000,7.9102
-13.9560,-3.7564,7.8602
-10.3834,-8.6736,7.8602
-29.1732,-18.5688,6.2307
-34.2456,-22.2541,5.5376
-13.9560,-7.5128,7.1051
-13.9560,-7.5128,6.4000
-13.9560,-7.5128,5.5949
2.2718,-18.1190,7.3171
4.2093,-24.0820,6.8239
6.1468,-30.0450,6.2307
8.0843,-36.0080,5.5376
0.3343,-12.1560,7.1051
0.8236,1.2758,9.6534
-0.1033,2.5517,9.7034
-1.0303,3.8275,9.6534
3.6045,-0.0000,9.2051
5.4584,-0.0000,8.8068
7.3123,-0.0000,8.3085
1.7506,-0.0000,9.4017
1.7506,-0.0000,9.2000
1.7506,-0.0000,8.8983
-6.8108,-9.8344,7.9102
-3.2382,-10.9952,7.8602
2.5423,-9.1170,7.8602
4.7503,-6.0780,7.9102
6.9582,-3.0390,7.8602
6.9582,3.0390,7.8602
4.7503,6.0780,7.9102
2.5423,9.1170,7.8602
-13.9560,-3.7564,4.8398
-13.9560,0.0000,4.8898
-13.9560,3.7564,4.8398
-12.4561,6.4232,5.7915
-10.9563,5.3335,6.7932
-9.4564,4.2438,7.6949
-0.2386,10.3929,5.7915
-0.8114,8.6297,6.7932
-1.3843,6.8665,7.6949
2.5423,9.1170,4.8398
4.7503,6.0780,4.8898
6.9582,3.0390,4.8398
6.9582,-3.0390,4.8398
-3.2382,10.9952,4.8398
2.5423,-9.1170,4.8398
4.7503,-6.0780,4.8898
-3.2382,-10.9952,4.8398
-6.8108,-9.8344,4.8898
-10.3834,-8.6736,4.8398
0,1
2,3
4,2
5,6
7,8
9,7
1,8
10,11
0,5
11,3
12,13
14,15
15,16
17,16
18,17
19,20
20,21
22,21
23,22
23,24
24,25
26,25
27,28
28,29
30,31
31,32
33,32
34,33
35,36
36,37
38,37
39,38
18,40
41,42
40,42
43,41
44,45
45,46
47,46
48,47
44,49
49,50
51,50
35,51
48,52
52,53
54,53
19,54
55,56
30,55
57,58
58,59
60,59
61,60
57,62
62,63
64,63
35,64
14,65
65,66
13,66
23,67
68,69
69,70
71,70
72,71
68,73
73,74
75,74
76,75
68,77
77,78
79,78
80,29
81,80
81,82
82,83
84,83
68,84
81,85
85,86
87,86
88,87
81,89
89,90
67,90
91,92
92,93
94,93
27,94
91,95
95,96
97,96
14,97
91,98
98,99
100,99
48,100
101,26
23,102
102,103
104,103
4,104
101,105
105,106
107,106
44,107
101,108
108,109
110,109
30,110
111,112
113,112
114,113
114,115
115,116
117,116
118,117
114,119
119,120
121,120
0,121
88,122
122,123
27,124
124,125
126,125
114,126
27,127
127,128
129,128
19,129
114,130
130,131
132,131
88,132
88,133
134,123
135,134
88,136
136,137
138,137
4,138
76,139
139,140
141,140
142,141
76,143
143,56
101,79
72,144
144,145
146,145
91,146
72,147
147,148
149,148
57,149
72,150
150,151
152,151
44,152
133,153
154,153
76,154
76,155
155,156
157,156
57,157
57,158
158,159
160,159
14,160
14,111
161,162
163,162
0,163
0,164
164,165
166,165
19,166
18,167
167,168
169,168
4,161
48,169
18,170
170,171
172,171
35,172
35,173
174,6
18,174
175,176
173,176
30,175
30,177
177,178
179,178
4,179
