-2.8076,2.8076,6.8292
0.8774,5.5906,3.3303
4.5624,8.3736,-0.3181
8.2475,11.1567,-4.1160
11.9325,13.9397,-8.0634
-6.4156,6.4156,33.3254
-5.5136,5.5136,26.9256
-4.6116,4.6116,20.3763
-3.7096,3.7096,13.6775
6.4156,6.4156,33.3254
8.4770,8.4770,24.7483
10.5384,10.5384,16.0217
12.5999,12.5999,7.1456
14.6613,14.6613,-1.8800
-5.5906,-0.8774,3.3303
-8.3736,-4.5624,-0.3181
-11.1567,-8.2475,-4.1160
-13.9397,-11.9325,-8.0634
2.8076,-2.8076,6.8292
3.7096,-3.7096,13.6775
4.6116,-4.6116,20.3763
5.5136,-5.5136,26.9256
6.4156,-6.4156,33.3254
-11.9325,-13.9397,-8.0634
-8.2475,-11.1567,-4.1160
-4.5624,-8.3736,-0.3181
-0.8774,-5.5906,3.3303
13.9397,11.9325,-8.0634
11.1567,8.2475,-4.1160
8.3736,4.5624,-0.3181
5.5906,0.8774,3.3303
-14.6613,-14.6613,-1.8800
-12.5999,-12.5999,7.1456
-10.5384,-10.5384,16.0217
-8.4770,-8.4770,24.7483
-6.4156,-6.4156,33.3254
14.4809,13.9791,-3.2016
14.3005,13.2969,-4.6727
14.1201,12.6147,-6.2933
13.4379,12.4343,-7.8391
12.9361,12.9361,-7.7644
12.4343,13.4379,-7.8391
12.6147,14.1201,-6.2933
13.2969,14.3005,-4.6727
13.9791,14.4809,-3.2016
-13.4379,-12.4343,-7.8391
-12.9361,-12.9361,-7.7644
-12.4343,-13.4379,-7.8391
-12.6147,-14.1201,-6.2933
-13.2969,-14.3005,-4.6727
-13.9791,-14.4809,-3.2016
-14.4809,-13.9791,-3.2016
-14.3005,-13.2969,-4.6727
-14.1201,-12.6147,-6.2933
17.5853,17.5853,-8.4119
20.5093,20.5093,-15.0933
23.4333,23.4333,-21.9242
26.3574,26.3574,-28.9046
17.0441,14.4335,-14.1546
20.1485,16.9345,-20.3954
23.2529,19.4356,-26.7856
26.3574,21.9366,-33.3254
14.4335,17.0441,-14.1546
16.9345,20.1485,-20.3954
19.4356,23.2529,-26.7856
21.9366,26.3574,-33.3254
-17.5853,-17.5853,-8.4119
-20.5093,-20.5093,-15.0933
-23.4333,-23.4333,-21.9242
-26.3574,-26.3574,-28.9046
-17.0441,-14.4335,-14.1546
-20.1485,-16.9345,-20.3954
-23.2529,-19.4356,-26.7856
-26.3574,-21.9366,-33.3254
-14.4335,-17.0441,-14.1546
-16.9345,-20.1485,-20.3954
-19.4356,-23.2529,-26.7856
-21.9366,-26.3574,-33.3254
0,1
1,2
3,2
4,3
5,6
6,7
8,7
0,8
9,10
10,11
12,11
13,12
0,14
14,15
16,15
17,16
18,19
19,20
21,20
22,21
23,24
24,25
26,25
18,26
27,28
28,29
30,29
18,30
31,32
32,33
34,33
35,34
13,36
36,37
38,37
27,38
27,39
39,40
41,40
4,41
4,42
42,43
44,43
13,44
17,45
45,46
47,46
23,47
23,48
48,49
50,49
31,50
31,51
51,52
53,52
17,53
13,54
54,55
56,55
57,56
27,58
58,59
60,59
61,60
4,62
62,63
64,63
65,64
31,66
66,67
68,67
69,68
17,70
70,71
72,71
73,72
23,74
74,75
76,75
77,76
